22760725779334414475948910158779474054395692340651323517249485312182256620379054691648041393022029

9521651023449965519405564118547355094880066777565423238991085675906554459642294029683201863865856036

117977236005433096641650532201351498354240237009719364748335161218736716262673084374849905258878065

-724557844635662137464607501695956035433610985415891000397383619059437220321914974991553822472834007

0

-12215084315619898604532660932331325968128262784911306772930422895876562149423450895291459603552645985

2167196878312724082179681697111176040251387480988870518487381084643854596912438949897217697052241240349037962956143277886612225296315967804506136515207537239386451898292002491618184056599990617044

51805063761963370252298959386695739904207680101078995017916328136017141936251230176397125998099150340505728298595008248872436979192877845332384423126566528022961609235582671646469856693279276841

9066183821236577582552790085117095292556245836677135134345393407286716428191400140272196125558430927889317170983124140010017408165874381825779100446474084851985993156791421258259777151969681177633296

125222186728969555171393473148073482826820215337760516599769768060065776205782126935418272608879410032816048194273331182989869952038319081705858206797980195507731868846844014624286155464843013543000524932779591005576848539503843033816228603440942588874577515226365021198236301298603536334479293120199127597528086778844634218177721463170516318022461011082741661832963246469999764252890335409764941099238187073741137640205217444849149604688939473896916676863946979138729667881730281918203198101592345

